package Atrativos;

public class Distancias {
	
	/* 
	 * 
	 * 
	 * 
	 * 
	 * 
	 * 
	 * 
	 * 
	 * 
	 * 
	 */
	
	public static double[][] DISTANCIAS = {
		{0,0.1,2.5,2.5,0.75,3,2.1,1,1.3,1.2,3.5,1.3,3.9,2.5,6.7,22,1.4,1,9,3.5,1.1,1.7},
		{0.1,0,3.1,3.3,1.6,4.3,1.8,1.6,0.5,1,4,0.55,4.4,1.5,7.7,23,0.6,0.35,9.3,3,0.5,2.9},
		{2.5,3.1,0,3.5,2.5,1.8,3,2.6,3.7,3.8,2.3,3.7,2.6,1.7,6.5,23,3.8,3.2,8.5,3.1,2.6,1.8},
		{2.5,3.3,3.5,0,2.6,3.3,4.5,2.9,3.7,3.8,2.9,3.7,3.2,4.5,4.8,20,3.8,3.5,7.8,6.2,3.5,2.5},
		{0.75,1.6,2.5,2.6,0,2.4,2.9,0.1,2.5,2.6,2.4,2.5,3,2.2,7,22,2.6,2.5,8.4,3.6,1.7,0.8},
		{3,4.3,1.8,3.3,2.4,0,4.5,2.4,4.4,4.5,0.6,4.3,1,3,5.5,23,4.5,4.3,8,4.1,3.6,2},
		{2.1,1.8,3,4.5,2.9,4.5,0,2.9,1.4,1.4,4.6,1.3,4.7,1.4,9,24.4,1.5,1.5,9.6,1.6,1.6,3.2},
		{1,1.6,2.6,2.9,0.1,2.4,2.9,0,2.5,2.6,2.4,2.5,3,2.2,7,22,2.6,2.5,8.4,3.6,1.7,0.8},
		{1.3,0.5,3.7,3.7,2.5,4.4,1.4,2.5,0,0.4,4,0.2,4.6,2,7.8,23,0.1,1.6,9.4,2.8,0.3,3},
		{1.2,1,3.8,3.8,2.6,4.5,1.4,2.6,0.4,0,3.8,0.1,4.6,2,7.8,23,0.5,0.1,9.3,2.6,0.2,3},
		{3.5,4,2.3,2.9,2.4,0.6,4.6,2.4,4,3.8,0,5.2,0.35,4,4,21,4.1,4.8,6,5.6,4.5,2},
		{1.3,0.55,3.7,3.7,2.5,4.3,1.3,2.5,0.2,0.1,5.2,0,4.5,2,8,23.4,0.3,0.22,9.4,2.8,0.35,3},
		{3.9,4.4,2.6,3.2,3,1,4.7,3,4.6,4.6,0.35,4.5,0,4.5,3.6,21.5,4.7,5.3,5.1,5.9,4.9,2},
		{2.5,1.5,1.7,4.5,2.2,3,1.4,2.2,2,2,4,2,4.5,0,7.3,24,2.1,2.1,8.7,1.7,2,2.8},
		{6.7,7.7,6.5,4.8,7,5.5,9,7,7.8,7.8,4,8,3.6,7.3,0,19,7.9,8.4,2.4,8.7,7.7,5.7},
		{22,23,23,20,22,23,24.4,22,23,23,21,23.4,21.5,24,19,0,23.1,20.7,19,26,23,21},
		{1.4,0.6,3.8,3.8,2.6,4.5,1.5,2.6,0.1,0.5,4.1,0.3,4.7,2.1,7.9,23.1,0,1.7,9.5,2.9,0.4,3.1},
		{1,0.35,3.2,3.5,2.5,4.3,1.5,2.5,1.6,0.1,4.8,0.22,5.3,2.1,8.4,20.7,1.7,0,9.2,8,0.17,2.8},
		{9,9.3,8.5,7.8,8.4,8,9.6,8.4,9.4,9.3,6,9.4,5.1,8.7,2.4,19,9.5,9.2,0,11,10,7.6},
		{3.5,3,3.1,6.2,3.6,4.1,1.6,3.6,2.8,2.6,5.6,2.8,5.9,1.7,8.7,26,2.9,8,11,0,9,4},
		{1.1,0.5,2.6,3.5,1.7,3.6,1.6,1.7,0.3,0.2,4.5,0.35,4.9,2,7.7,23,0.4,0.17,10,9,0,2},
		{1.7,2.9,1.8,2.5,0.8,2,3.2,0.8,3,3,2,3,2,2.8,5.7,21,3.1,2.8,7.6,4,2,0}
		};

}
